10,77
10,89
10,150
10,271
10,9
10,315
10,35
10,66
10,2
11,8
224,5
224,4
224,3
9,7
224,2
224,1
9,1
224,0
9,5
9,2
168,4
168,3
168,2
9,3
168,1
8,5
8,7
8,10
119,4
119,3
119,2
8,15
119,1
119,0
118,3
118,2
118,1
118,0
117,3
117,2
117,1
117,0
114,5
114,4
114,3
114,2
114,1
114,0
112,4
112,3
112,2
112,1
112,0
110,4
110,3
110,2
110,1
108,10
108,9
108,8
108,7
108,6
108,5
108,4
108,3
108,2
108,1
108,0
89,3
89,1
20,3
20,2
20,1
19,3
19,2
19,1
12,3
12,2
12,1
11,30
11,29
11,28
11,27
11,26
11,25
11,24
11,23
11,22
11,21
11,20
11,19
11,18
11,17
11,16
11,15
11,14
11,13
11,12
11,11
11,10
11,9
11,1
11,4
11,3
11,2
10,279
10,232
10,229
10,200
10,164
10,143
10,88
10,1
18,1
10,85
18,3
